X1  Y1  Z1  X2  Y2  Z2  D  A/V
165 1477 669 386 1528 488 27 0
221 1360 599 339 1418 506 20 0
225 645 667 575 545 428 57 0
234 1711 665 297 1726 613 79 0
288 1850 667 297 1726 613 50 0
354 367 664 477 378 561 78 0
372 1302 468 339 1418 506 21 0
411 263 671 477 378 561 23 0
533 1444 372 629 1546 331 23 0
554 1037 344 663 1065 279 20 0
581 771 363 607 715 360 25 0
590 251 544 589 403 473 21 0
606 23 673 923 102 442 39 0
627 1249 298 739 1295 241 28 0
632 497 410 637 502 405 31 0
644 1020 292 663 1065 279 19 0
667 1914 417 542 1603 396 31 0
703 724 304 607 715 360 19 0
720 617 322 602 600 394 19 0
740 1871 360 935 1859 266 20 0
761 994 234 739 1109 238 24 0
789 879 233 899 791 199 21 0
829 1960 350 935 1859 266 13 0
838 706 243 931 714 202 28 0
839 124 469 923 102 442 23 0
845 2336 542 887 2320 510 35 0
875 2128 405 887 2320 510 28 0
882 1788 265 848 1481 210 27 0
891 976 177 1224 1014  67 30 0
929 1994 319 949 1861 261 19 0
936 945 163 1179 952  84 28 0
969 1254 140 1043 1456 132 22 0
994 838 155 899 791 199 19 0
1015 508 225 913 366 317 22 0
1048 2337 451 1068 2309 426 34 0
1056 1538 140 1043 1456 132 22 0
1092 1277 100 1262 1435  69 23 0
1099 2158 331 1114 2291 399 28 0
1142 1690 145 1191 1644 121 22 0
1160 370 228 1194 287 252 22 0
1167 169 315 1170 287 259 20 0
1184 763 109 1165 700 127 22 0
1195 896  86 1179 952  84 29 0
1195 1843 174 1144 1907 210 14 0
1272 714  98 1321 659 100 21 0
1274 2086 247 1304 2026 215 30 0
1277 1192  50 1316 1237  43 21 0
1279 1707 115 1191 1644 121 20 0
1295 1237  47 1316 1237  43 20 0
1307 3 370 1626 60 291 63 0
1316 1847 147 1284 1996 207 19 0
1363 664  91 1321 659 100 21 0
1372 1637  81 1405 1566  62 21 0
1375 327 194 1342 274 223 24 0
1390 1081  31 1428 939  35 20 0
1437 2122 232 1337 2049 217 28 0
1447 1277  23 1455 1423  34 34 0
1447 1658  74 1405 1566  62 23 0
1462 1762  97 1591 2008 165 32 0
1470 2334 339 1484 2313 325 28 0
1477 212 228 1504 252 207 24 0
1492 1078  17 1545 911  24 28 0
1498 2334 335 1484 2313 325 28 0
1520 486 117 1475 461 130 21 0
1535 746  50 1551 904  24 26 0
1541 1285  13 1657 1521  29 33 0
1570 1671  63 1534 1476  31 32 0
1573 2139 223 1588 2026 173 21 0
1599 147 247 1626 60 291 22 0
1611 2336 325 1633 2318 313 57 0
1629 1147   3 1704 804  30 31 0
1637 680  56 1777 744  40 20 0
1669 2337 322 1633 2318 313 38 0
1670 1894 119 1591 2008 165 34 0
1680 487 105 1684 362 148 20 0
1707 1251   2 1835 1524  29 26 0
1712 1966 144 1630 2042 177 30 0
1720 1665  55 1739 1539  30 29 0
1726 5 318 1739 85 273 65 0
1728 1800  89 1863 1787  88 21 0
1748 1851 104 1863 1787  88 18 0
1778 641  62 1856 682  55 14 0
1781 454 115 1696 354 151 22 0
1813 1068   3 1864 867  23 24 0
1831 2237 266 1809 2177 235 12 0
1834 1980 150 1810 2047 176 26 0
1859 2210 253 1809 2177 235 12 0
1871 1719  70 1928 1760  85 13 0
1874 1246   4 2021 1421  30 33 0
1933 141 252 1864 192 222 24 0
1933 906  22 1864 867  23 23 0
1939 420 134 1945 294 183 42 0
1947 1724  77 1928 1760  85 13 0
1977 1140  11 2228 1017  55 21 0
1993 742  53 1972 671  66 23 0
2001 2236 279 2016 2019 180 23 0
2019 194 235 1879 226 207 22 0
2061 1754  98 2068 1810 114 29 0
2071 957  32 2228 1017  55 18 0
2084 458 139 2122 396 166 44 0
2093 687  77 2145 656  93 20 0
2098 1341  33 2021 1421  30 22 0
2104 1606  70 2146 1548  66 32 0
2105 2237 295 2063 2058 203 19 0
2138 720  78 2145 656  93 19 0
2157 45 336 2291 137 318 22 0
2178 345 196 2133 404 165 41 0
2179 1275  42 2539 1373 149 24 0
2189 1078  44 2630 1260 177 31 0
2208 181 275 2291 137 318 22 0
2212 1641  97 2221 1637  98 45 0
2240 869  73 2403 874 114 11 0
2242 2130 270 2063 2058 203 18 0
2305 1939 205 2311 1862 180 19 0
2336 1870 189 2311 1862 180 19 0
2341 1737 151 2246 1681 113 29 0
2342 2325 403 2403 2128 315 24 0
2343 991  85 2486 931 134 19 0
2356 392 222 2506 400 269 18 0
2383 849 112 2403 874 114 13 0
2428 4 438 2553 231 360 59 0
2476 2314 443 2403 2128 315 21 0
2585 2053 348 2514 1963 281 22 0
2607 517 268 2494 503 228 23 0
2659 2264 495 2830 2322 631 27 0
2673 5 546 2630 148 437 78 0
2683 2105 419 2807 1839 371 29 0
2704 1918 346 2807 1839 371 28 0
2753 579 316 2821 591 349 12 0
2753 773 268 2806 801 290 28 0
2760 1659 293 2908 1638 369 31 0
2766 332 415 2593 200 393 21 0
2786 189 497 2761 170 493 21 0
2809 153 531 2761 170 493 20 0
2816 2337 632 2830 2322 631 49 0
2882 274 510 2821 591 349 24 0
3003 2209 678 2957 2142 603 37 0
3122 350 647 3159 364 672 36 0
3145 1021 478 2890 941 315 30 0
3155 1993 678 2927 1656 385 74 0
3164 338 690 3159 364 672 65 0
3225 1870 682 3103 1617 496 28 0
3270 556 688 3094 679 500 66 0
3286 1732 685 3103 1617 496 71 0
3309 1132 611 3252 1241 561 34 0
3344 1539 685 2849 1229 280 26 0
3349 810 688 2975 863 378 54 0
3382 1285 685 3252 1241 561 63 0
297 1726 613 483 1616 438 81 0
339 1418 506 386 1528 488 32 0
477 378 561 589 403 473 79 0
607 715 360 602 600 394 30 0
663 1065 279 739 1109 238 28 0
887 2320 510 1068 2309 426 41 0
899 791 199 931 714 202 30 0
923 102 442 1072 294 286 52 0
935 1859 266 949 1861 261 26 0
1179 952  84 1224 1014  67 36 0
1191 1644 121 1212 1456  83 46 0
1316 1237  43 1410 1413  39 27 0
1321 659 100 1268 599 126 39 0
1405 1566  62 1390 1421  43 39 0
1484 2313 325 1471 2237 284 29 0
1591 2008 165 1592 2025 172 42 0
1626 60 291 1739 85 273 66 0
1633 2318 313 1630 2226 262 78 0
1809 2177 235 1751 2063 182 16 0
1863 1787  88 1938 1780  91 31 0
1864 867  23 1784 739  41 36 0
1928 1760  85 1938 1780  91 29 0
2021 1421  30 2025 1477  37 43 0
2063 2058 203 2016 2019 180 28 0
2145 656  93 2153 625 102 28 0
2228 1017  55 2536 991 145 37 0
2291 137 318 2516 315 307 30 0
2311 1862 180 2215 1747 123 20 0
2403 874 114 2486 931 134 21 0
2403 2128 315 2514 1963 281 41 0
2761 170 493 2630 148 437 31 0
2807 1839 371 2885 1808 405 50 0
2821 591 349 2806 801 290 27 0
2830 2322 631 2957 2142 603 68 0
3103 1617 496 2870 1555 329 73 0
3159 364 672 3094 679 500 63 0
3252 1241 561 2849 1229 280 61 0
386 1528 488 483 1616 438 43 0
589 403 473 707 442 387 80 0
602 600 394 575 545 428 34 0
739 1109 238 739 1295 241 35 0
931 714 202 1165 700 127 38 0
949 1861 261 1144 1907 210 28 0
1068 2309 426 1114 2291 399 48 0
1224 1014  67 1428 939  35 41 0
1739 85 273 1864 192 222 87 0
1938 1780  91 2068 1810 114 42 0
2016 2019 180 1990 1986 164 35 0
2486 931 134 2536 991 145 22 0
2514 1963 281 2764 1305 240 48 0
2630 148 437 2593 200 393 80 0
2806 801 290 2777 1037 246 26 0
2849 1229 280 2752 1215 230 72 0
2957 2142 603 2885 1808 405 74 0
3094 679 500 2975 863 378 85 0
483 1616 438 542 1603 396 91 0
575 545 428 637 502 405 60 0
739 1295 241 872 1469 198 52 0
1114 2291 399 1471 2237 284 58 0
1144 1907 210 1284 1996 207 39 0
1165 700 127 1268 599 126 42 0
1428 939  35 1545 911  24 41 0
1864 192 222 1879 226 207 88 0
2068 1810 114 2104 1840 129 40 0
2536 991 145 2646 1004 188 22 0
2593 200 393 2553 231 360 81 0
2885 1808 405 2927 1656 385 74 0
2975 863 378 2890 941 315 91 0
542 1603 396 629 1546 331 91 0
637 502 405 707 442 387 66 0
1268 599 126 1475 461 130 52 0
1284 1996 207 1304 2026 215 60 0
1471 2237 284 1630 2226 262 55 0
1545 911  24 1551 904  24 58 0
1879 226 207 1882 249 197 91 0
2553 231 360 2516 315 307 80 0
2890 941 315 2777 1037 246 98 0
2927 1656 385 2908 1638 369 109 0
629 1546 331 848 1481 210 89 0
707 442 387 913 366 317 72 0
1304 2026 215 1337 2049 217 65 0
1475 461 130 1684 362 148 51 0
1551 904  24 1704 804  30 51 0
1630 2226 262 1684 2093 196 89 0
2516 315 307 2506 400 269 87 0
2777 1037 246 2733 1087 222 96 0
2908 1638 369 2870 1555 329 82 0
848 1481 210 872 1469 198 93 0
913 366 317 1072 294 286 80 0
1337 2049 217 1588 2026 173 50 0
1684 362 148 1696 354 151 52 0
1704 804  30 1777 744  40 69 0
2506 400 269 2494 503 228 88 0
2870 1555 329 2764 1305 240 99 0
872 1469 198 1212 1456  83 89 0
1072 294 286 1170 287 259 82 0
1588 2026 173 1592 2025 172 63 0
1696 354 151 1727 259 189 52 0
1777 744  40 1784 739  41 69 0
2494 503 228 2426 615 172 90 0
2764 1305 240 2751 1216 230 103 0
1170 287 259 1194 287 252 82 0
1212 1456  83 1262 1435  69 98 0
1592 2025 172 1630 2042 177 60 0
1784 739  41 1856 682  55 69 0
1194 287 252 1342 274 223 80 0
1262 1435  69 1390 1421  43 101 0
1630 2042 177 1684 2093 196 56 0
1856 682  55 1972 671  66 78 0
1342 274 223 1504 252 207 80 0
1390 1421  43 1410 1413  39 98 0
1684 2093 196 1751 2063 182 90 0
1972 671  66 2153 625 102 82 0
1410 1413  39 1455 1423  34 97 0
1504 252 207 1727 259 189 85 0
1751 2063 182 1810 2047 176 88 0
2153 625 102 2330 604 147 90 0
1455 1423  34 1534 1476  31 99 0
1727 259 189 1882 249 197 88 0
1810 2047 176 1990 1986 164 92 0
1534 1476  31 1657 1521  29 99 0
1882 249 197 1945 294 183 91 0
1990 1986 164 2104 1840 129 82 0
1657 1521  29 1739 1539  30 91 0
1945 294 183 2122 396 166 112 0
2104 1840 129 2215 1747 123 82 0
1739 1539  30 1835 1524  29 97 0
2122 396 166 2133 404 165 126 0
2215 1747 123 2246 1681 113 72 0
1835 1524  29 2025 1477  37 95 0
2133 404 165 2330 604 147 111 0
2246 1681 113 2251 1656 109 76 0
2025 1477  37 2146 1548  66 91 0
2330 604 147 2426 615 172 120 0
2146 1548  66 2221 1637  98 90 0
2426 615 172 2646 1004 188 128 0
2221 1637  98 2251 1656 109 74 0
2646 1004 188 2733 1087 222 106 0
2251 1656 109 2539 1373 149 105 0
2733 1087 222 2747 1121 228 95 0
2539 1373 149 2630 1260 177 95 0
2630 1260 177 2751 1216 230 100 0
2751 1216 230 2752 1215 230 161 0
2752 1215 230 2756 1177 231 107 0
137 1117 654 214 1054 586 92 1
161 1162 630 358 1051 468 21 1
177 814 652 193 796 641 35 1
187 1024 612 214 1054 586 38 1
193 750 652 193 796 641 37 1
343 790 515 406 814 463 27 1
392 482 569 712 479 364 22 1
397 1832 556 471 1851 509 18 1
417 775 463 406 814 463 20 1
419 1201 421 477 1206 382 21 1
424 1074 419 402 1062 436 19 1
433 700 469 449 815 433 20 1
462 2124 643 564 2043 528 87 1
468 1033 392 402 1062 436 20 1
474 1762 476 471 1851 509 28 1
482 910 395 302 915 526 24 1
518 131 650 685 177 513 78 1
544 660 405 480 833 408 20 1
546 1526 370 480 1280 382 26 1
620 1659 355 727 1734 316 20 1
640 1160 284 527 1117 350 27 1
674 997 273 626 911 308 34 1
718 2299 576 725 2299 572 25 1
724 2334 596 725 2299 572 45 1
725 123 521 685 177 513 26 1
733 1432 252 480 1280 382 25 1
738 718 282 808 816 230 23 1
755 539 322 712 479 364 19 1
757 1623 274 727 1734 316 19 1
818 589 277 916 568 241 20 1
915 191 389 860 252 384 24 1
940 1388 158 871 929 187 36 1
951 2141 371 939 1998 311 25 1
968 2141 364 1029 2146 343 20 1
970 1565 172 1065 1691 166 37 1
992 1736 202 1065 1691 166 20 1
1019 836 144 1003 773 160 19 1
1035 2219 379 1029 2146 343 20 1
1077 1301 104 1073 1193 102 28 1
1087 802 128 1003 773 160 24 1
1092 2159 328 1036 2126 331 18 1
1096 997 101 939 990 154 28 1
1101 1544 125 1083 1694 161 30 1
1160 1433  92 1242 1426  71 20 1
1176 2334 397 1198 2190 311 43 1
1196 1223  68 1073 1193 102 25 1
1231 682 112 1271 585 127 32 1
1234 129 311 1331 137 285 20 1
1241 1394  68 1242 1426  71 16 1
1255 845  77 1337 830  63 20 1
1255 1863 163 1321 1796 128 22 1
1265 2226 312 1198 2190 311 21 1
1277 378 191 1293 419 173 21 1
1285 176 275 1331 137 285 20 1
1287 998  54 1280 996  55 26 1
1297 796  76 1357 797  64 20 1
1314 1304  46 1320 1370  50 36 1
1339 1397  49 1315 1399  53 12 1
1352 408 165 1293 419 173 27 1
1361 1314  38 1362 1317  38 29 1
1376 1680  88 1349 1761 113 21 1
1378 1153  30 1280 996  55 30 1
1396 2 346 1468 79 291 60 1
1397 1294  31 1362 1317  38 25 1
1468 1493  40 1654 1778  83 32 1
1487 1217  16 1650 1664  56 35 1
1500 1004  20 1406 739  67 31 1
1534 1195  10 1602 1296   8 19 1
1574 1085   8 1583 576  83 32 1
1602 1821  98 1462 1885 132 27 1
1640 1209   3 1602 1296   8 20 1
1711 1726  68 1659 1765  80 23 1
1736 2189 236 1817 2269 278 34 1
1751 1083   2 1912 853  27 27 1
1753 657  57 1706 562  81 25 1
1769 891  17 1912 853  27 22 1
1769 2264 274 1817 2269 278 21 1
1775 1259   2 1840 1477  22 25 1
1838 1627  47 1858 1649  52 20 1
1854 1716  67 1858 1649  52 19 1
1869 2201 245 1912 2302 301 27 1
1875 1437  19 1840 1477  22 21 1
1876 44 294 1896 57 288 14 1
1881 82 274 1896 57 288 14 1
1891 755  41 2003 827  39 20 1
1911 599  76 1943 521 100 25 1
1925 1079   8 2011 972  23 23 1
1983 170 238 2053 80 293 21 1
1993 1602  53 1999 1659  66 28 1
1997 402 144 1957 521 101 36 1
1998 1207  13 2265 1299  61 28 1
2027 2164 241 2061 2315 325 19 1
2030 9 329 2029 33 315 65 1
2044 719  63 2064 803  50 19 1
2051 1011  25 2011 972  23 20 1
2052 1339  26 2323 1551 103 27 1
2062 1582  58 2039 1670  73 27 1
2119 741  69 2107 809  55 29 1
2140 884  50 2149 810  62 21 1
2153 2174 267 2220 2227 308 23 1
2174 2000 195 2270 1996 214 20 1
2188 75 320 2102 146 266 22 1
2205 1395  56 2409 1327 100 26 1
2205 1854 150 2270 1996 214 21 1
2212 626 111 2227 622 115 59 1
2229 951  60 2248 897  70 19 1
2251 1335  60 2265 1299  61 20 1
2291 945  74 2248 897  70 21 1
2336 1898 195 2376 1949 225 27 1
2367 1828 181 2420 1863 208 31 1
2391 1708 155 2475 1764 196 27 1
2401 322 259 2291 335 222 19 1
2402 87 372 2348 150 321 19 1
2434 2231 372 2519 2234 405 24 1
2436 175 337 2348 150 321 19 1
2533 895 152 2574 885 168 52 1
2557 2328 476 2519 2234 405 83 1
2577 62 454 2918 234 543 23 1
2602 423 293 2705 419 341 20 1
2613 314 341 2705 419 341 21 1
2614 1623 213 2618 1620 214 22 1
2646 1990 341 2662 2036 368 21 1
2695 245 410 2918 234 543 20 1
2703 1872 323 2685 1717 267 32 1
2706 1998 373 2662 2036 368 21 1
2777 2184 501 2744 2169 474 21 1
2825 1718 336 2775 1756 321 23 1
2825 1815 365 2833 1814 369 25 1
2832 601 345 2891 584 384 18 1
2851 1818 381 2844 1822 378 23 1
2865 2090 502 2744 2169 474 21 1
2895 1846 416 2899 1849 419 22 1
2908 1842 422 2907 1847 424 27 1
2961 75 666 2939 241 553 114 1
2961 1796 440 2921 1847 432 22 1
2999 517 473 3020 720 428 23 1
3052 2055 612 2921 1847 432 35 1
3076 694 473 3078 685 476 38 1
3137 1419 473 3135 1417 472 13 1
3139 309 668 2935 391 480 43 1
3179 1838 614 2852 1353 284 43 1
3222 734 576 3239 655 612 30 1
3280 586 671 3219 649 597 55 1
3280 1357 581 3135 1417 472 28 1
3298 641 669 3297 643 668 79 1
3300 644 670 3297 643 668 77 1
3320 1622 668 3084 1452 439 74 1
193 796 641 302 915 526 35 1
214 1054 586 332 1003 492 97 1
402 1062 436 358 1051 468 19 1
406 814 463 449 815 433 28 1
471 1851 509 564 2043 528 33 1
480 1280 382 477 1206 382 48 1
685 177 513 860 252 384 75 1
712 479 364 916 568 241 28 1
725 2299 572 826 2026 372 50 1
727 1734 316 768 2024 400 38 1
1003 773 160 958 730 185 40 1
1029 2146 343 1036 2126 331 20 1
1065 1691 166 1083 1694 161 37 1
1073 1193 102 939 990 154 44 1
1198 2190 311 1202 2020 233 48 1
1242 1426  71 1283 1478  69 33 1
1280 996  55 1337 830  63 37 1
1293 419 173 1180 524 166 35 1
1331 137 285 1468 79 291 27 1
1362 1317  38 1320 1370  50 28 1
1602 1296   8 1650 1664  56 35 1
1817 2269 278 1912 2302 301 32 1
1840 1477  22 1918 1632  53 34 1
1858 1649  52 1918 1632  53 29 1
1896 57 288 2029 33 315 25 1
1912 853  27 2003 827  39 35 1
2011 972  23 2107 809  55 36 1
2248 897  70 2261 779  90 30 1
2265 1299  61 2409 1327 100 39 1
2270 1996 214 2340 1999 234 35 1
2348 150 321 2291 335 222 29 1
2519 2234 405 2504 2164 362 83 1
2662 2036 368 2552 2158 378 21 1
2705 419 341 2891 584 384 26 1
2744 2169 474 2552 2158 378 24 1
2918 234 543 2939 241 553 47 1
2921 1847 432 2907 1847 424 39 1
3135 1417 472 3084 1452 439 33 1
3297 643 668 3239 655 612 96 1
302 915 526 332 1003 492 39 1
358 1051 468 342 1004 484 33 1
449 815 433 480 833 408 33 1
477 1206 382 527 1117 350 47 1
564 2043 528 768 2024 400 94 1
860 252 384 1180 524 166 70 1
916 568 241 1025 648 179 37 1
939 990 154 871 929 187 51 1
1036 2126 331 1046 2002 273 22 1
1083 1694 161 1321 1796 128 46 1
1320 1370  50 1315 1399  53 37 1
1337 830  63 1357 797  64 47 1
1468 79 291 1901 513  99 68 1
1650 1664  56 1659 1765  80 48 1
1912 2302 301 2061 2315 325 38 1
1918 1632  53 1999 1659  66 47 1
2003 827  39 2064 803  50 38 1
2029 33 315 2053 80 293 64 1
2291 335 222 2270 362 207 38 1
2409 1327 100 2474 1393 126 49 1
2552 2158 378 2504 2164 362 28 1
2891 584 384 2905 585 391 45 1
2907 1847 424 2899 1849 419 45 1
2939 241 553 2935 391 480 112 1
3084 1452 439 2852 1353 284 75 1
3239 655 612 3219 649 597 95 1
332 1003 492 342 1004 484 96 1
480 833 408 582 930 330 37 1
527 1117 350 522 965 363 48 1
768 2024 400 826 2026 372 96 1
871 929 187 858 799 211 48 1
1180 524 166 1213 576 143 81 1
1315 1399  53 1283 1478  69 37 1
1321 1796 128 1353 1795 122 58 1
1357 797  64 1406 739  67 56 1
1659 1765  80 1654 1778  83 61 1
1999 1659  66 2039 1670  73 41 1
2053 80 293 2102 146 266 65 1
2061 2315 325 2220 2227 308 69 1
2064 803  50 2107 809  55 40 1
2504 2164 362 2385 1943 226 91 1
2852 1353 284 2695 1225 200 64 1
2899 1849 419 2844 1822 378 43 1
2935 391 480 2905 585 391 102 1
3219 649 597 3078 685 476 92 1
342 1004 484 522 965 363 98 1
826 2026 372 939 1998 311 106 1
1283 1478  69 1349 1761 113 42 1
1406 739  67 1470 574  95 44 1
1654 1778  83 1683 1877 111 64 1
2039 1670  73 2170 1702 101 50 1
2102 146 266 2270 362 207 66 1
2107 809  55 2149 810  62 49 1
2220 2227 308 2340 1999 234 93 1
2844 1822 378 2833 1814 369 45 1
2905 585 391 2887 840 322 98 1
3078 685 476 3020 720 428 93 1
522 965 363 582 930 330 98 1
939 1998 311 1046 2002 273 97 1
1349 1761 113 1353 1795 122 48 1
2149 810  62 2261 779  90 51 1
2270 362 207 2484 787 151 83 1
2340 1999 234 2376 1949 225 98 1
2833 1814 369 2775 1756 321 50 1
3020 720 428 2887 840 322 104 1
582 930 330 626 911 308 97 1
1046 2002 273 1202 2020 233 100 1
1353 1795 122 1462 1885 132 79 1
2261 779  90 2357 709 127 73 1
2376 1949 225 2385 1943 226 104 1
2775 1756 321 2685 1717 267 51 1
2887 840 322 2694 1078 201 106 1
626 911 308 808 816 230 89 1
1202 2020 233 1482 1914 139 89 1
1462 1885 132 1482 1914 139 91 1
2385 1943 226 2420 1863 208 112 1
2685 1717 267 2618 1620 214 51 1
808 816 230 858 799 211 88 1
1482 1914 139 1683 1877 111 97 1
2420 1863 208 2475 1764 196 112 1
2618 1620 214 2582 1546 186 53 1
858 799 211 958 730 185 91 1
1683 1877 111 2170 1702 101 114 1
2475 1764 196 2582 1546 186 113 1
958 730 185 1025 648 179 92 1
2170 1702 101 2323 1551 103 114 1
2582 1546 186 2646 1250 180 108 1
1025 648 179 1213 576 143 94 1
2323 1551 103 2474 1393 126 120 1
1213 576 143 1271 585 127 110 1
2474 1393 126 2646 1250 180 107 1
1271 585 127 1470 574  95 113 1
2646 1250 180 2695 1225 200 83 1
1470 574  95 1583 576  83 115 1
2695 1225 200 2688 1184 196 96 1
1583 576  83 1706 562  81 114 1
1706 562  81 1901 513  99 115 1
1901 513  99 1943 521 100 113 1
1943 521 100 1957 521 101 121 1
1957 521 101 2227 622 115 117 1
2227 622 115 2357 709 127 132 1
2357 709 127 2484 787 151 139 1
2484 787 151 2574 885 168 163 1
2574 885 168 2694 1078 201 127 1
2694 1078 201 2702 1126 203 108 1
